   1.1111111e+03   1.0852109e+01   1.7206660e+00   1.6287341e+01   2.5710101e+00   1.6287341e+01   2.5710101e+00
   1.1132181e+03   1.0827855e+01   1.7301978e+00   1.6287217e+01   2.5758884e+00   1.6287217e+01   2.5758884e+00
   1.1153330e+03   1.0803473e+01   1.7397997e+00   1.6287093e+01   2.5807853e+00   1.6287093e+01   2.5807853e+00
   1.1174561e+03   1.0778962e+01   1.7494722e+00   1.6286968e+01   2.5857008e+00   1.6286968e+01   2.5857008e+00
   1.1195872e+03   1.0754321e+01   1.7592160e+00   1.6286843e+01   2.5906350e+00   1.6286843e+01   2.5906350e+00
   1.1217264e+03   1.0729549e+01   1.7690318e+00   1.6286717e+01   2.5955882e+00   1.6286717e+01   2.5955882e+00
   1.1238739e+03   1.0704646e+01   1.7789201e+00   1.6286590e+01   2.6005603e+00   1.6286590e+01   2.6005603e+00
   1.1260296e+03   1.0679610e+01   1.7888818e+00   1.6286462e+01   2.6055515e+00   1.6286462e+01   2.6055515e+00
   1.1281935e+03   1.0654441e+01   1.7989173e+00   1.6286334e+01   2.6105619e+00   1.6286334e+01   2.6105619e+00
   1.1303658e+03   1.0629137e+01   1.8090276e+00   1.6286205e+01   2.6155916e+00   1.6286205e+01   2.6155916e+00
   1.1325465e+03   1.0603698e+01   1.8192131e+00   1.6286075e+01   2.6206408e+00   1.6286075e+01   2.6206408e+00
   1.1347356e+03   1.0578123e+01   1.8294746e+00   1.6285944e+01   2.6257095e+00   1.6285944e+01   2.6257095e+00
   1.1369332e+03   1.0552411e+01   1.8398129e+00   1.6285813e+01   2.6307978e+00   1.6285813e+01   2.6307978e+00
   1.1391394e+03   1.0526560e+01   1.8502286e+00   1.6285680e+01   2.6359059e+00   1.6285680e+01   2.6359059e+00
   1.1413541e+03   1.0500570e+01   1.8607224e+00   1.6285548e+01   2.6410339e+00   1.6285548e+01   2.6410339e+00
   1.1435774e+03   1.0474440e+01   1.8712951e+00   1.6285414e+01   2.6461819e+00   1.6285414e+01   2.6461819e+00
   1.1458094e+03   1.0448169e+01   1.8819475e+00   1.6285279e+01   2.6513500e+00   1.6285279e+01   2.6513500e+00
   1.1480502e+03   1.0421756e+01   1.8926802e+00   1.6285144e+01   2.6565384e+00   1.6285144e+01   2.6565384e+00
   1.1502997e+03   1.0395200e+01   1.9034940e+00   1.6285008e+01   2.6617470e+00   1.6285008e+01   2.6617470e+00
   1.1525580e+03   1.0368500e+01   1.9143897e+00   1.6284871e+01   2.6669762e+00   1.6284871e+01   2.6669762e+00
   1.1548253e+03   1.0341655e+01   1.9253681e+00   1.6284733e+01   2.6722260e+00   1.6284733e+01   2.6722260e+00
   1.1571014e+03   1.0314663e+01   1.9364298e+00   1.6284595e+01   2.6774964e+00   1.6284595e+01   2.6774964e+00
   1.1593866e+03   1.0287524e+01   1.9475758e+00   1.6284455e+01   2.6827877e+00   1.6284455e+01   2.6827877e+00
   1.1616808e+03   1.0260238e+01   1.9588068e+00   1.6284315e+01   2.6881000e+00   1.6284315e+01   2.6881000e+00
   1.1639841e+03   1.0232801e+01   1.9701236e+00   1.6284174e+01   2.6934334e+00   1.6284174e+01   2.6934334e+00
   1.1662966e+03   1.0205215e+01   1.9815270e+00   1.6284032e+01   2.6987879e+00   1.6284032e+01   2.6987879e+00
   1.1686183e+03   1.0177477e+01   1.9930179e+00   1.6283890e+01   2.7041638e+00   1.6283890e+01   2.7041638e+00
   1.1709492e+03   1.0149587e+01   2.0045971e+00   1.6283746e+01   2.7095612e+00   1.6283746e+01   2.7095612e+00
   1.1732894e+03   1.0121543e+01   2.0162654e+00   1.6283602e+01   2.7149802e+00   1.6283602e+01   2.7149802e+00
   1.1756391e+03   1.0093344e+01   2.0280237e+00   1.6283457e+01   2.7204209e+00   1.6283457e+01   2.7204209e+00
   1.1779981e+03   1.0064989e+01   2.0398728e+00   1.6283310e+01   2.7258834e+00   1.6283310e+01   2.7258834e+00
   1.1803666e+03   1.0036478e+01   2.0518136e+00   1.6283163e+01   2.7313680e+00   1.6283163e+01   2.7313680e+00
   1.1827447e+03   1.0007809e+01   2.0638470e+00   1.6283015e+01   2.7368746e+00   1.6283015e+01   2.7368746e+00
   1.1851324e+03   9.9789803e+00   2.0759739e+00   1.6282867e+01   2.7424036e+00   1.6282867e+01   2.7424036e+00
   1.1875297e+03   9.9499914e+00   2.0881952e+00   1.6282717e+01   2.7479549e+00   1.6282717e+01   2.7479549e+00
   1.1899368e+03   9.9208411e+00   2.1005118e+00   1.6282566e+01   2.7535287e+00   1.6282566e+01   2.7535287e+00
   1.1923536e+03   9.8915281e+00   2.1129246e+00   1.6282415e+01   2.7591252e+00   1.6282415e+01   2.7591252e+00
   1.1947803e+03   9.8620514e+00   2.1254345e+00   1.6282262e+01   2.7647445e+00   1.6282262e+01   2.7647445e+00
   1.1972169e+03   9.8324096e+00   2.1380425e+00   1.6282109e+01   2.7703868e+00   1.6282109e+01   2.7703868e+00
   1.1996634e+03   9.8026016e+00   2.1507496e+00   1.6281955e+01   2.7760521e+00   1.6281955e+01   2.7760521e+00
   1.2021200e+03   9.7726262e+00   2.1635567e+00   1.6281799e+01   2.7817407e+00   1.6281799e+01   2.7817407e+00
   1.2045866e+03   9.7424822e+00   2.1764648e+00   1.6281643e+01   2.7874526e+00   1.6281643e+01   2.7874526e+00
   1.2070634e+03   9.7121683e+00   2.1894749e+00   1.6281486e+01   2.7931881e+00   1.6281486e+01   2.7931881e+00
   1.2095504e+03   9.6816833e+00   2.2025880e+00   1.6281328e+01   2.7989472e+00   1.6281328e+01   2.7989472e+00
   1.2120476e+03   9.6510260e+00   2.2158050e+00   1.6281168e+01   2.8047301e+00   1.6281168e+01   2.8047301e+00
   1.2145552e+03   9.6201950e+00   2.2291271e+00   1.6281008e+01   2.8105370e+00   1.6281008e+01   2.8105370e+00
   1.2170732e+03   9.5891891e+00   2.2425552e+00   1.6280847e+01   2.8163679e+00   1.6280847e+01   2.8163679e+00
   1.2196016e+03   9.5580071e+00   2.2560904e+00   1.6280685e+01   2.8222232e+00   1.6280685e+01   2.8222232e+00
   1.2221406e+03   9.5266476e+00   2.2697338e+00   1.6280522e+01   2.8281028e+00   1.6280522e+01   2.8281028e+00
   1.2246901e+03   9.4951093e+00   2.2834864e+00   1.6280358e+01   2.8340070e+00   1.6280358e+01   2.8340070e+00
   1.2272504e+03   9.4633908e+00   2.2973493e+00   1.6280192e+01   2.8399359e+00   1.6280192e+01   2.8399359e+00
   1.2298213e+03   9.4314910e+00   2.3113236e+00   1.6280026e+01   2.8458897e+00   1.6280026e+01   2.8458897e+00
   1.2324031e+03   9.3994084e+00   2.3254105e+00   1.6279859e+01   2.8518685e+00   1.6279859e+01   2.8518685e+00
   1.2349957e+03   9.3671416e+00   2.3396110e+00   1.6279690e+01   2.8578724e+00   1.6279690e+01   2.8578724e+00
   1.2375992e+03   9.3346893e+00   2.3539263e+00   1.6279521e+01   2.8639018e+00   1.6279521e+01   2.8639018e+00
   1.2402137e+03   9.3020501e+00   2.3683575e+00   1.6279351e+01   2.8699566e+00   1.6279351e+01   2.8699566e+00
   1.2428394e+03   9.2692227e+00   2.3829058e+00   1.6279179e+01   2.8760371e+00   1.6279179e+01   2.8760371e+00
   1.2454761e+03   9.2362055e+00   2.3975724e+00   1.6279006e+01   2.8821434e+00   1.6279006e+01   2.8821434e+00
   1.2481241e+03   9.2029973e+00   2.4123585e+00   1.6278833e+01   2.8882757e+00   1.6278833e+01   2.8882757e+00
   1.2507833e+03   9.1695965e+00   2.4272652e+00   1.6278658e+01   2.8944342e+00   1.6278658e+01   2.8944342e+00
   1.2534539e+03   9.1360018e+00   2.4422938e+00   1.6278482e+01   2.9006190e+00   1.6278482e+01   2.9006190e+00
   1.2561359e+03   9.1022116e+00   2.4574456e+00   1.6278304e+01   2.9068303e+00   1.6278304e+01   2.9068303e+00
   1.2588295e+03   9.0682245e+00   2.4727218e+00   1.6278126e+01   2.9130683e+00   1.6278126e+01   2.9130683e+00
   1.2615346e+03   9.0340390e+00   2.4881236e+00   1.6277947e+01   2.9193331e+00   1.6277947e+01   2.9193331e+00
   1.2642513e+03   8.9996537e+00   2.5036523e+00   1.6277766e+01   2.9256249e+00   1.6277766e+01   2.9256249e+00
   1.2669798e+03   8.9650670e+00   2.5193093e+00   1.6277584e+01   2.9319440e+00   1.6277584e+01   2.9319440e+00
   1.2697201e+03   8.9302773e+00   2.5350958e+00   1.6277402e+01   2.9382904e+00   1.6277402e+01   2.9382904e+00
   1.2724723e+03   8.8952832e+00   2.5510132e+00   1.6277217e+01   2.9446643e+00   1.6277217e+01   2.9446643e+00
   1.2752364e+03   8.8600831e+00   2.5670628e+00   1.6277032e+01   2.9510659e+00   1.6277032e+01   2.9510659e+00
   1.2780125e+03   8.8246754e+00   2.5832460e+00   1.6276846e+01   2.9574955e+00   1.6276846e+01   2.9574955e+00
   1.2808008e+03   8.7890586e+00   2.5995641e+00   1.6276658e+01   2.9639532e+00   1.6276658e+01   2.9639532e+00
   1.2836013e+03   8.7532310e+00   2.6160186e+00   1.6276469e+01   2.9704391e+00   1.6276469e+01   2.9704391e+00
   1.2864140e+03   8.7171911e+00   2.6326108e+00   1.6276279e+01   2.9769535e+00   1.6276279e+01   2.9769535e+00
   1.2892391e+03   8.6809372e+00   2.6493423e+00   1.6276087e+01   2.9834965e+00   1.6276087e+01   2.9834965e+00
   1.2920766e+03   8.6444677e+00   2.6662143e+00   1.6275894e+01   2.9900684e+00   1.6275894e+01   2.9900684e+00
   1.2949267e+03   8.6077809e+00   2.6832285e+00   1.6275700e+01   2.9966693e+00   1.6275700e+01   2.9966693e+00
   1.2977893e+03   8.5708752e+00   2.7003863e+00   1.6275505e+01   3.0032994e+00   1.6275505e+01   3.0032994e+00
   1.3006647e+03   8.5337488e+00   2.7176891e+00   1.6275308e+01   3.0099589e+00   1.6275308e+01   3.0099589e+00
   1.3035528e+03   8.4964002e+00   2.7351386e+00   1.6275110e+01   3.0166481e+00   1.6275110e+01   3.0166481e+00
   1.3064537e+03   8.4588275e+00   2.7527362e+00   1.6274911e+01   3.0233670e+00   1.6274911e+01   3.0233670e+00
   1.3093676e+03   8.4210291e+00   2.7704835e+00   1.6274711e+01   3.0301160e+00   1.6274711e+01   3.0301160e+00
   1.3122945e+03   8.3830031e+00   2.7883821e+00   1.6274509e+01   3.0368952e+00   1.6274509e+01   3.0368952e+00
   1.3152346e+03   8.3447479e+00   2.8064336e+00   1.6274305e+01   3.0437048e+00   1.6274305e+01   3.0437048e+00
   1.3181878e+03   8.3062616e+00   2.8246395e+00   1.6274101e+01   3.0505450e+00   1.6274101e+01   3.0505450e+00
   1.3211544e+03   8.2675425e+00   2.8430016e+00   1.6273895e+01   3.0574160e+00   1.6273895e+01   3.0574160e+00
   1.3241343e+03   8.2285887e+00   2.8615215e+00   1.6273687e+01   3.0643181e+00   1.6273687e+01   3.0643181e+00
   1.3271277e+03   8.1893984e+00   2.8802009e+00   1.6273478e+01   3.0712514e+00   1.6273478e+01   3.0712514e+00
   1.3301346e+03   8.1499698e+00   2.8990415e+00   1.6273268e+01   3.0782162e+00   1.6273268e+01   3.0782162e+00
   1.3331552e+03   8.1103010e+00   2.9180449e+00   1.6273056e+01   3.0852126e+00   1.6273056e+01   3.0852126e+00
   1.3361896e+03   8.0703901e+00   2.9372130e+00   1.6272843e+01   3.0922410e+00   1.6272843e+01   3.0922410e+00
   1.3392378e+03   8.0302352e+00   2.9565475e+00   1.6272629e+01   3.0993014e+00   1.6272629e+01   3.0993014e+00
   1.3422999e+03   7.9898345e+00   2.9760502e+00   1.6272413e+01   3.1063942e+00   1.6272413e+01   3.1063942e+00
   1.3453761e+03   7.9491859e+00   2.9957229e+00   1.6272195e+01   3.1135196e+00   1.6272195e+01   3.1135196e+00
   1.3484664e+03   7.9082876e+00   3.0155674e+00   1.6271976e+01   3.1206777e+00   1.6271976e+01   3.1206777e+00
   1.3515710e+03   7.8671375e+00   3.0355856e+00   1.6271756e+01   3.1278688e+00   1.6271756e+01   3.1278688e+00
   1.3546898e+03   7.8257336e+00   3.0557794e+00   1.6271533e+01   3.1350931e+00   1.6271533e+01   3.1350931e+00
   1.3578231e+03   7.7840740e+00   3.0761507e+00   1.6271310e+01   3.1423510e+00   1.6271310e+01   3.1423510e+00
   1.3609710e+03   7.7421567e+00   3.0967015e+00   1.6271085e+01   3.1496425e+00   1.6271085e+01   3.1496425e+00
   1.3641334e+03   7.6999795e+00   3.1174335e+00   1.6270858e+01   3.1569679e+00   1.6270858e+01   3.1569679e+00
   1.3673106e+03   7.6575405e+00   3.1383490e+00   1.6270629e+01   3.1643275e+00   1.6270629e+01   3.1643275e+00
   1.3705026e+03   7.6148375e+00   3.1594498e+00   1.6270400e+01   3.1717216e+00   1.6270400e+01   3.1717216e+00
   1.3737096e+03   7.5718684e+00   3.1807380e+00   1.6270168e+01   3.1791502e+00   1.6270168e+01   3.1791502e+00
   1.3769316e+03   7.5286311e+00   3.2022157e+00   1.6269935e+01   3.1866138e+00   1.6269935e+01   3.1866138e+00
   1.3801687e+03   7.4851235e+00   3.2238849e+00   1.6269700e+01   3.1941125e+00   1.6269700e+01   3.1941125e+00
   1.3834211e+03   7.4413434e+00   3.2457477e+00   1.6269463e+01   3.2016466e+00   1.6269463e+01   3.2016466e+00
   1.3866889e+03   7.3972887e+00   3.2678064e+00   1.6269225e+01   3.2092164e+00   1.6269225e+01   3.2092164e+00
   1.3899721e+03   7.3529570e+00   3.2900630e+00   1.6268985e+01   3.2168220e+00   1.6268985e+01   3.2168220e+00
   1.3932710e+03   7.3083462e+00   3.3125198e+00   1.6268744e+01   3.2244638e+00   1.6268744e+01   3.2244638e+00
   1.3965855e+03   7.2634541e+00   3.3351789e+00   1.6268501e+01   3.2321420e+00   1.6268501e+01   3.2321420e+00
   1.3999158e+03   7.2182784e+00   3.3580427e+00   1.6268256e+01   3.2398569e+00   1.6268256e+01   3.2398569e+00
   1.4032621e+03   7.1728167e+00   3.3811135e+00   1.6268009e+01   3.2476087e+00   1.6268009e+01   3.2476087e+00
   1.4066244e+03   7.1270668e+00   3.4043934e+00   1.6267760e+01   3.2553978e+00   1.6267760e+01   3.2553978e+00
   1.4100028e+03   7.0810263e+00   3.4278850e+00   1.6267510e+01   3.2632243e+00   1.6267510e+01   3.2632243e+00
   1.4133975e+03   7.0346930e+00   3.4515906e+00   1.6267258e+01   3.2710885e+00   1.6267258e+01   3.2710885e+00
   1.4168086e+03   6.9880643e+00   3.4755125e+00   1.6267004e+01   3.2789907e+00   1.6267004e+01   3.2789907e+00
   1.4202362e+03   6.9411379e+00   3.4996532e+00   1.6266748e+01   3.2869313e+00   1.6266748e+01   3.2869313e+00
   1.4236805e+03   6.8939114e+00   3.5240153e+00   1.6266490e+01   3.2949104e+00   1.6266490e+01   3.2949104e+00
   1.4271414e+03   6.8463824e+00   3.5486011e+00   1.6266231e+01   3.3029283e+00   1.6266231e+01   3.3029283e+00
   1.4306193e+03   6.7985483e+00   3.5734133e+00   1.6265969e+01   3.3109854e+00   1.6265969e+01   3.3109854e+00
   1.4341141e+03   6.7504067e+00   3.5984544e+00   1.6265706e+01   3.3190820e+00   1.6265706e+01   3.3190820e+00
   1.4376260e+03   6.7019550e+00   3.6237271e+00   1.6265440e+01   3.3272182e+00   1.6265440e+01   3.3272182e+00
   1.4411552e+03   6.6531907e+00   3.6492339e+00   1.6265173e+01   3.3353945e+00   1.6265173e+01   3.3353945e+00
   1.4447018e+03   6.6041113e+00   3.6749776e+00   1.6264904e+01   3.3436110e+00   1.6264904e+01   3.3436110e+00
   1.4482659e+03   6.5547141e+00   3.7009609e+00   1.6264633e+01   3.3518682e+00   1.6264633e+01   3.3518682e+00
   1.4518475e+03   6.5049965e+00   3.7271864e+00   1.6264359e+01   3.3601662e+00   1.6264359e+01   3.3601662e+00
   1.4554470e+03   6.4549559e+00   3.7536572e+00   1.6264084e+01   3.3685055e+00   1.6264084e+01   3.3685055e+00
   1.4590643e+03   6.4045897e+00   3.7803758e+00   1.6263807e+01   3.3768863e+00   1.6263807e+01   3.3768863e+00
   1.4626997e+03   6.3538951e+00   3.8073453e+00   1.6263527e+01   3.3853089e+00   1.6263527e+01   3.3853089e+00
   1.4663532e+03   6.3028694e+00   3.8345685e+00   1.6263246e+01   3.3937736e+00   1.6263246e+01   3.3937736e+00
   1.4700250e+03   6.2515098e+00   3.8620484e+00   1.6262962e+01   3.4022809e+00   1.6262962e+01   3.4022809e+00
   1.4737153e+03   6.1998136e+00   3.8897880e+00   1.6262676e+01   3.4108309e+00   1.6262676e+01   3.4108309e+00
   1.4774241e+03   6.1477781e+00   3.9177903e+00   1.6262388e+01   3.4194240e+00   1.6262388e+01   3.4194240e+00
   1.4811517e+03   6.0954003e+00   3.9460583e+00   1.6262098e+01   3.4280605e+00   1.6262098e+01   3.4280605e+00
   1.4848981e+03   6.0426774e+00   3.9745952e+00   1.6261806e+01   3.4367408e+00   1.6261806e+01   3.4367408e+00
   1.4886635e+03   5.9896065e+00   4.0034042e+00   1.6261511e+01   3.4454652e+00   1.6261511e+01   3.4454652e+00
   1.4924480e+03   5.9361847e+00   4.0324884e+00   1.6261215e+01   3.4542340e+00   1.6261215e+01   3.4542340e+00
   1.4962519e+03   5.8824092e+00   4.0618511e+00   1.6260916e+01   3.4630476e+00   1.6260916e+01   3.4630476e+00
   1.5000752e+03   5.8282769e+00   4.0914956e+00   1.6260614e+01   3.4719063e+00   1.6260614e+01   3.4719063e+00
   1.5039180e+03   5.7737847e+00   4.1214252e+00   1.6260311e+01   3.4808105e+00   1.6260311e+01   3.4808105e+00
   1.5077806e+03   5.7189298e+00   4.1516433e+00   1.6260005e+01   3.4897604e+00   1.6260005e+01   3.4897604e+00
   1.5116631e+03   5.6637091e+00   4.1821533e+00   1.6259696e+01   3.4987566e+00   1.6259696e+01   3.4987566e+00
   1.5155657e+03   5.6081194e+00   4.2129588e+00   1.6259385e+01   3.5077993e+00   1.6259385e+01   3.5077993e+00
   1.5194884e+03   5.5521576e+00   4.2440632e+00   1.6259072e+01   3.5168889e+00   1.6259072e+01   3.5168889e+00
   1.5234315e+03   5.4958207e+00   4.2754701e+00   1.6258757e+01   3.5260257e+00   1.6258757e+01   3.5260257e+00
   1.5273952e+03   5.4391053e+00   4.3071832e+00   1.6258439e+01   3.5352101e+00   1.6258439e+01   3.5352101e+00
   1.5313795e+03   5.3820085e+00   4.3392061e+00   1.6258118e+01   3.5444426e+00   1.6258118e+01   3.5444426e+00
   1.5353846e+03   5.3245268e+00   4.3715426e+00   1.6257795e+01   3.5537234e+00   1.6257795e+01   3.5537234e+00
   1.5394108e+03   5.2666570e+00   4.4041964e+00   1.6257469e+01   3.5630530e+00   1.6257469e+01   3.5630530e+00
   1.5434581e+03   5.2083959e+00   4.4371714e+00   1.6257141e+01   3.5724317e+00   1.6257141e+01   3.5724317e+00
   1.5475267e+03   5.1497400e+00   4.4704715e+00   1.6256810e+01   3.5818600e+00   1.6256810e+01   3.5818600e+00
   1.5516169e+03   5.0906861e+00   4.5041007e+00   1.6256477e+01   3.5913382e+00   1.6256477e+01   3.5913382e+00
   1.5557288e+03   5.0312307e+00   4.5380629e+00   1.6256141e+01   3.6008667e+00   1.6256141e+01   3.6008667e+00
   1.5598625e+03   4.9713705e+00   4.5723622e+00   1.6255802e+01   3.6104460e+00   1.6255802e+01   3.6104460e+00
   1.5640182e+03   4.9111018e+00   4.6070028e+00   1.6255461e+01   3.6200763e+00   1.6255461e+01   3.6200763e+00
   1.5681961e+03   4.8504213e+00   4.6419887e+00   1.6255117e+01   3.6297583e+00   1.6255117e+01   3.6297583e+00
   1.5723964e+03   4.7893254e+00   4.6773244e+00   1.6254770e+01   3.6394921e+00   1.6254770e+01   3.6394921e+00
   1.5766193e+03   4.7278105e+00   4.7130140e+00   1.6254420e+01   3.6492784e+00   1.6254420e+01   3.6492784e+00
   1.5808649e+03   4.6658731e+00   4.7490620e+00   1.6254067e+01   3.6591174e+00   1.6254067e+01   3.6591174e+00
   1.5851334e+03   4.6035095e+00   4.7854727e+00   1.6253712e+01   3.6690097e+00   1.6253712e+01   3.6690097e+00
   1.5894251e+03   4.5407160e+00   4.8222507e+00   1.6253354e+01   3.6789557e+00   1.6253354e+01   3.6789557e+00
   1.5937400e+03   4.4774889e+00   4.8594006e+00   1.6252992e+01   3.6889558e+00   1.6252992e+01   3.6889558e+00
   1.5980785e+03   4.4138245e+00   4.8969269e+00   1.6252628e+01   3.6990104e+00   1.6252628e+01   3.6990104e+00
   1.6024406e+03   4.3497190e+00   4.9348343e+00   1.6252261e+01   3.7091200e+00   1.6252261e+01   3.7091200e+00
   1.6068266e+03   4.2851686e+00   4.9731278e+00   1.6251891e+01   3.7192850e+00   1.6251891e+01   3.7192850e+00
   1.6112367e+03   4.2201694e+00   5.0118119e+00   1.6251518e+01   3.7295060e+00   1.6251518e+01   3.7295060e+00
   1.6156710e+03   4.1547175e+00   5.0508918e+00   1.6251141e+01   3.7397833e+00   1.6251141e+01   3.7397833e+00
   1.6201299e+03   4.0888090e+00   5.0903723e+00   1.6250762e+01   3.7501174e+00   1.6250762e+01   3.7501174e+00
   1.6246134e+03   4.0224399e+00   5.1302585e+00   1.6250379e+01   3.7605089e+00   1.6250379e+01   3.7605089e+00
   1.6291218e+03   3.9556062e+00   5.1705556e+00   1.6249994e+01   3.7709581e+00   1.6249994e+01   3.7709581e+00
   1.6336553e+03   3.8883039e+00   5.2112687e+00   1.6249605e+01   3.7814657e+00   1.6249605e+01   3.7814657e+00
   1.6382141e+03   3.8205289e+00   5.2524032e+00   1.6249212e+01   3.7920319e+00   1.6249212e+01   3.7920319e+00
   1.6427984e+03   3.7522770e+00   5.2939643e+00   1.6248817e+01   3.8026575e+00   1.6248817e+01   3.8026575e+00
   1.6474084e+03   3.6835441e+00   5.3359576e+00   1.6248418e+01   3.8133427e+00   1.6248418e+01   3.8133427e+00
   1.6520444e+03   3.6143259e+00   5.3783886e+00   1.6248016e+01   3.8240883e+00   1.6248016e+01   3.8240883e+00
   1.6567065e+03   3.5446183e+00   5.4212628e+00   1.6247610e+01   3.8348946e+00   1.6247610e+01   3.8348946e+00
   1.6613950e+03   3.4744169e+00   5.4645861e+00   1.6247201e+01   3.8457622e+00   1.6247201e+01   3.8457622e+00
   1.6661102e+03   3.4037174e+00   5.5083641e+00   1.6246789e+01   3.8566916e+00   1.6246789e+01   3.8566916e+00
   1.6708522e+03   3.3325154e+00   5.5526027e+00   1.6246372e+01   3.8676834e+00   1.6246372e+01   3.8676834e+00
   1.6756212e+03   3.2608065e+00   5.5973079e+00   1.6245953e+01   3.8787380e+00   1.6245953e+01   3.8787380e+00
   1.6804176e+03   3.1885863e+00   5.6424857e+00   1.6245530e+01   3.8898561e+00   1.6245530e+01   3.8898561e+00
   1.6852415e+03   3.1158502e+00   5.6881423e+00   1.6245103e+01   3.9010381e+00   1.6245103e+01   3.9010381e+00
   1.6900931e+03   3.0425936e+00   5.7342839e+00   1.6244672e+01   3.9122846e+00   1.6244672e+01   3.9122846e+00
   1.6949728e+03   2.9688121e+00   5.7809169e+00   1.6244238e+01   3.9235962e+00   1.6244238e+01   3.9235962e+00
   1.6998808e+03   2.8945009e+00   5.8280476e+00   1.6243800e+01   3.9349735e+00   1.6243800e+01   3.9349735e+00
   1.7048172e+03   2.8196554e+00   5.8756826e+00   1.6243358e+01   3.9464170e+00   1.6243358e+01   3.9464170e+00
   1.7097824e+03   2.7442708e+00   5.9238285e+00   1.6242912e+01   3.9579272e+00   1.6242912e+01   3.9579272e+00
   1.7147766e+03   2.6683424e+00   5.9724920e+00   1.6242462e+01   3.9695049e+00   1.6242462e+01   3.9695049e+00
   1.7198001e+03   2.5918653e+00   6.0216800e+00   1.6242009e+01   3.9811506e+00   1.6242009e+01   3.9811506e+00
   1.7248531e+03   2.5148347e+00   6.0713995e+00   1.6241551e+01   3.9928648e+00   1.6241551e+01   3.9928648e+00
   1.7299359e+03   2.4372457e+00   6.1216574e+00   1.6241089e+01   4.0046482e+00   1.6241089e+01   4.0046482e+00
   1.7350487e+03   2.3590933e+00   6.1724609e+00   1.6240624e+01   4.0165014e+00   1.6240624e+01   4.0165014e+00
   1.7401918e+03   2.2803725e+00   6.2238173e+00   1.6240154e+01   4.0284251e+00   1.6240154e+01   4.0284251e+00
   1.7453655e+03   2.2010782e+00   6.2757340e+00   1.6239680e+01   4.0404198e+00   1.6239680e+01   4.0404198e+00
   1.7505701e+03   2.1212054e+00   6.3282184e+00   1.6239201e+01   4.0524862e+00   1.6239201e+01   4.0524862e+00
   1.7558058e+03   2.0407489e+00   6.3812782e+00   1.6238719e+01   4.0646250e+00   1.6238719e+01   4.0646250e+00
   1.7610729e+03   1.9597034e+00   6.4349212e+00   1.6238232e+01   4.0768367e+00   1.6238232e+01   4.0768367e+00
   1.7663717e+03   1.8780638e+00   6.4891551e+00   1.6237740e+01   4.0891221e+00   1.6237740e+01   4.0891221e+00
   1.7717025e+03   1.7958246e+00   6.5439880e+00   1.6237245e+01   4.1014818e+00   1.6237245e+01   4.1014818e+00
   1.7770655e+03   1.7129807e+00   6.5994279e+00   1.6236744e+01   4.1139166e+00   1.6236744e+01   4.1139166e+00
   1.7824612e+03   1.6295265e+00   6.6554832e+00   1.6236239e+01   4.1264270e+00   1.6236239e+01   4.1264270e+00
   1.7878896e+03   1.5454566e+00   6.7121621e+00   1.6235730e+01   4.1390138e+00   1.6235730e+01   4.1390138e+00
   1.7933513e+03   1.4607655e+00   6.7694732e+00   1.6235216e+01   4.1516776e+00   1.6235216e+01   4.1516776e+00
   1.7988464e+03   1.3754477e+00   6.8274251e+00   1.6234697e+01   4.1644193e+00   1.6234697e+01   4.1644193e+00
   1.8043753e+03   1.2894975e+00   6.8860266e+00   1.6234173e+01   4.1772395e+00   1.6234173e+01   4.1772395e+00
   1.8099383e+03   1.2029093e+00   6.9452865e+00   1.6233645e+01   4.1901389e+00   1.6233645e+01   4.1901389e+00
   1.8155357e+03   1.1156773e+00   7.0052141e+00   1.6233111e+01   4.2031183e+00   1.6233111e+01   4.2031183e+00
   1.8211679e+03   1.0277958e+00   7.0658184e+00   1.6232573e+01   4.2161784e+00   1.6232573e+01   4.2161784e+00
   1.8268351e+03   9.3925896e-01   7.1271088e+00   1.6232030e+01   4.2293200e+00   1.6232030e+01   4.2293200e+00
   1.8325376e+03   8.5006089e-01   7.1890949e+00   1.6231481e+01   4.2425439e+00   1.6231481e+01   4.2425439e+00
   1.8382759e+03   7.6019567e-01   7.2517863e+00   1.6230927e+01   4.2558507e+00   1.6230927e+01   4.2558507e+00
   1.8440503e+03   6.6965731e-01   7.3151927e+00   1.6230369e+01   4.2692414e+00   1.6230369e+01   4.2692414e+00
   1.8498610e+03   5.7843976e-01   7.3793243e+00   1.6229805e+01   4.2827167e+00   1.6229805e+01   4.2827167e+00
   1.8557084e+03   4.8653694e-01   7.4441911e+00   1.6229235e+01   4.2962774e+00   1.6229235e+01   4.2962774e+00
   1.8615930e+03   3.9394268e-01   7.5098034e+00   1.6228660e+01   4.3099243e+00   1.6228660e+01   4.3099243e+00
   1.8675150e+03   3.0065077e-01   7.5761717e+00   1.6228080e+01   4.3236583e+00   1.6228080e+01   4.3236583e+00
   1.8734748e+03   2.0665495e-01   7.6433066e+00   1.6227494e+01   4.3374801e+00   1.6227494e+01   4.3374801e+00
   1.8794727e+03   1.1194890e-01   7.7112191e+00   1.6226902e+01   4.3513907e+00   1.6226902e+01   4.3513907e+00
   1.8855092e+03   1.6526239e-02   7.7799200e+00   1.6226305e+01   4.3653908e+00   1.6226305e+01   4.3653908e+00
   1.8915845e+03  -7.9619472e-02   7.8494205e+00   1.6225702e+01   4.3794814e+00   1.6225702e+01   4.3794814e+00
   1.8976992e+03  -1.7649472e-01   7.9197321e+00   1.6225093e+01   4.3936634e+00   1.6225093e+01   4.3936634e+00
   1.9038535e+03  -2.7410607e-01   7.9908663e+00   1.6224478e+01   4.4079376e+00   1.6224478e+01   4.4079376e+00
   1.9100478e+03  -3.7246012e-01   8.0628348e+00   1.6223857e+01   4.4223049e+00   1.6223857e+01   4.4223049e+00
   1.9162826e+03  -4.7156353e-01   8.1356495e+00   1.6223230e+01   4.4367663e+00   1.6223230e+01   4.4367663e+00
   1.9225583e+03  -5.7142304e-01   8.2093227e+00   1.6222597e+01   4.4513226e+00   1.6222597e+01   4.4513226e+00
   1.9288751e+03  -6.7204543e-01   8.2838666e+00   1.6221958e+01   4.4659749e+00   1.6221958e+01   4.4659749e+00
   1.9352337e+03  -7.7343754e-01   8.3592939e+00   1.6221313e+01   4.4807240e+00   1.6221313e+01   4.4807240e+00
   1.9416342e+03  -8.7560627e-01   8.4356172e+00   1.6220661e+01   4.4955710e+00   1.6220661e+01   4.4955710e+00
   1.9480773e+03  -9.7855858e-01   8.5128496e+00   1.6220002e+01   4.5105167e+00   1.6220002e+01   4.5105167e+00
   1.9545633e+03  -1.0823015e+00   8.5910042e+00   1.6219337e+01   4.5255623e+00   1.6219337e+01   4.5255623e+00
   1.9610926e+03  -1.1868421e+00   8.6700945e+00   1.6218665e+01   4.5407087e+00   1.6218665e+01   4.5407087e+00
   1.9676656e+03  -1.2921875e+00   8.7501341e+00   1.6217987e+01   4.5559569e+00   1.6217987e+01   4.5559569e+00
   1.9742829e+03  -1.3983449e+00   8.8311370e+00   1.6217301e+01   4.5713079e+00   1.6217301e+01   4.5713079e+00
   1.9809448e+03  -1.5053216e+00   8.9131171e+00   1.6216609e+01   4.5867628e+00   1.6216609e+01   4.5867628e+00
   1.9876519e+03  -1.6131248e+00   8.9960890e+00   1.6215910e+01   4.6023227e+00   1.6215910e+01   4.6023227e+00
   1.9944045e+03  -1.7217621e+00   9.0800671e+00   1.6215203e+01   4.6179887e+00   1.6215203e+01   4.6179887e+00
   2.0012031e+03  -1.8312407e+00   9.1650663e+00   1.6214490e+01   4.6337617e+00   1.6214490e+01   4.6337617e+00
   2.0080483e+03  -1.9415682e+00   9.2511018e+00   1.6213769e+01   4.6496430e+00   1.6213769e+01   4.6496430e+00
   2.0149404e+03  -2.0527521e+00   9.3381889e+00   1.6213040e+01   4.6656336e+00   1.6213040e+01   4.6656336e+00
   2.0218801e+03  -2.1648000e+00   9.4263432e+00   1.6212304e+01   4.6817347e+00   1.6212304e+01   4.6817347e+00
   2.0288677e+03  -2.2777197e+00   9.5155807e+00   1.6211561e+01   4.6979474e+00   1.6211561e+01   4.6979474e+00
   2.0359037e+03  -2.3915188e+00   9.6059175e+00   1.6210809e+01   4.7142729e+00   1.6210809e+01   4.7142729e+00
   2.0429887e+03  -2.5062052e+00   9.6973700e+00   1.6210050e+01   4.7307124e+00   1.6210050e+01   4.7307124e+00
   2.0501233e+03  -2.6217866e+00   9.7899551e+00   1.6209283e+01   4.7472671e+00   1.6209283e+01   4.7472671e+00
   2.0573078e+03  -2.7382710e+00   9.8836897e+00   1.6208508e+01   4.7639381e+00   1.6208508e+01   4.7639381e+00
   2.0645428e+03  -2.8556664e+00   9.9785911e+00   1.6207725e+01   4.7807268e+00   1.6207725e+01   4.7807268e+00
   2.0718289e+03  -2.9739806e+00   1.0074677e+01   1.6206933e+01   4.7976343e+00   1.6206933e+01   4.7976343e+00
   2.0791667e+03  -3.0932220e+00   1.0171966e+01   1.6206133e+01   4.8146620e+00   1.6206133e+01   4.8146620e+00
   2.0865566e+03  -3.2133984e+00   1.0270475e+01   1.6205325e+01   4.8318111e+00   1.6205325e+01   4.8318111e+00
   2.0939992e+03  -3.3345182e+00   1.0370223e+01   1.6204507e+01   4.8490830e+00   1.6204507e+01   4.8490830e+00
   2.1014951e+03  -3.4565896e+00   1.0471230e+01   1.6203682e+01   4.8664789e+00   1.6203682e+01   4.8664789e+00
   2.1090448e+03  -3.5796209e+00   1.0573514e+01   1.6202847e+01   4.8840002e+00   1.6202847e+01   4.8840002e+00
   2.1166490e+03  -3.7036204e+00   1.0677094e+01   1.6202003e+01   4.9016482e+00   1.6202003e+01   4.9016482e+00
   2.1243082e+03  -3.8285965e+00   1.0781992e+01   1.6201150e+01   4.9194244e+00   1.6201150e+01   4.9194244e+00
   2.1320231e+03  -3.9545577e+00   1.0888227e+01   1.6200287e+01   4.9373302e+00   1.6200287e+01   4.9373302e+00
   2.1397942e+03  -4.0815126e+00   1.0995820e+01   1.6199416e+01   4.9553669e+00   1.6199416e+01   4.9553669e+00
   2.1476221e+03  -4.2094695e+00   1.1104792e+01   1.6198534e+01   4.9735360e+00   1.6198534e+01   4.9735360e+00
   2.1555076e+03  -4.3384372e+00   1.1215164e+01   1.6197643e+01   4.9918390e+00   1.6197643e+01   4.9918390e+00
   2.1634511e+03  -4.4684244e+00   1.1326958e+01   1.6196742e+01   5.0102774e+00   1.6196742e+01   5.0102774e+00
   2.1714534e+03  -4.5994396e+00   1.1440195e+01   1.6195831e+01   5.0288526e+00   1.6195831e+01   5.0288526e+00
   2.1795152e+03  -4.7314918e+00   1.1554900e+01   1.6194910e+01   5.0475663e+00   1.6194910e+01   5.0475663e+00
   2.1876370e+03  -4.8645896e+00   1.1671094e+01   1.6193979e+01   5.0664199e+00   1.6193979e+01   5.0664199e+00
   2.1958196e+03  -4.9987419e+00   1.1788801e+01   1.6193037e+01   5.0854150e+00   1.6193037e+01   5.0854150e+00
   2.2040636e+03  -5.1339576e+00   1.1908045e+01   1.6192085e+01   5.1045533e+00   1.6192085e+01   5.1045533e+00
   2.2123698e+03  -5.2702456e+00   1.2028850e+01   1.6191122e+01   5.1238364e+00   1.6191122e+01   5.1238364e+00
   2.2207388e+03  -5.4076150e+00   1.2151240e+01   1.6190148e+01   5.1432658e+00   1.6190148e+01   5.1432658e+00
   2.2291713e+03  -5.5460745e+00   1.2275241e+01   1.6189163e+01   5.1628434e+00   1.6189163e+01   5.1628434e+00
   2.2376682e+03  -5.6856335e+00   1.2400878e+01   1.6188166e+01   5.1825707e+00   1.6188166e+01   5.1825707e+00
   2.2462300e+03  -5.8263008e+00   1.2528178e+01   1.6187159e+01   5.2024496e+00   1.6187159e+01   5.2024496e+00
   2.2548577e+03  -5.9680856e+00   1.2657166e+01   1.6186139e+01   5.2224817e+00   1.6186139e+01   5.2224817e+00
   2.2635518e+03  -6.1109970e+00   1.2787870e+01   1.6185108e+01   5.2426689e+00   1.6185108e+01   5.2426689e+00
   2.2723133e+03  -6.2550442e+00   1.2920318e+01   1.6184065e+01   5.2630130e+00   1.6184065e+01   5.2630130e+00
   2.2811429e+03  -6.4002365e+00   1.3054536e+01   1.6183009e+01   5.2835157e+00   1.6183009e+01   5.2835157e+00
   2.2900413e+03  -6.5465829e+00   1.3190554e+01   1.6181942e+01   5.3041791e+00   1.6181942e+01   5.3041791e+00
   2.2990094e+03  -6.6940927e+00   1.3328401e+01   1.6180862e+01   5.3250049e+00   1.6180862e+01   5.3250049e+00
   2.3080481e+03  -6.8427752e+00   1.3468106e+01   1.6179769e+01   5.3459951e+00   1.6179769e+01   5.3459951e+00
   2.3171581e+03  -6.9926397e+00   1.3609699e+01   1.6178663e+01   5.3671516e+00   1.6178663e+01   5.3671516e+00
   2.3263403e+03  -7.1436954e+00   1.3753211e+01   1.6177544e+01   5.3884765e+00   1.6177544e+01   5.3884765e+00
   2.3355956e+03  -7.2959516e+00   1.3898674e+01   1.6176411e+01   5.4099717e+00   1.6176411e+01   5.4099717e+00
   2.3449248e+03  -7.4494176e+00   1.4046118e+01   1.6175265e+01   5.4316394e+00   1.6175265e+01   5.4316394e+00
   2.3543289e+03  -7.6041027e+00   1.4195576e+01   1.6174106e+01   5.4534815e+00   1.6174106e+01   5.4534815e+00
   2.3638086e+03  -7.7600161e+00   1.4347082e+01   1.6172932e+01   5.4755003e+00   1.6172932e+01   5.4755003e+00
   2.3733650e+03  -7.9171673e+00   1.4500669e+01   1.6171744e+01   5.4976978e+00   1.6171744e+01   5.4976978e+00
   2.3829990e+03  -8.0755654e+00   1.4656371e+01   1.6170542e+01   5.5200763e+00   1.6170542e+01   5.5200763e+00
   2.3927116e+03  -8.2352198e+00   1.4814222e+01   1.6169325e+01   5.5426380e+00   1.6169325e+01   5.5426380e+00
   2.4025036e+03  -8.3961396e+00   1.4974260e+01   1.6168093e+01   5.5653851e+00   1.6168093e+01   5.5653851e+00
   2.4123761e+03  -8.5583341e+00   1.5136518e+01   1.6166846e+01   5.5883199e+00   1.6166846e+01   5.5883199e+00
   2.4223301e+03  -8.7218125e+00   1.5301035e+01   1.6165583e+01   5.6114449e+00   1.6165583e+01   5.6114449e+00
   2.4323666e+03  -8.8865840e+00   1.5467849e+01   1.6164305e+01   5.6347623e+00   1.6164305e+01   5.6347623e+00
   2.4424865e+03  -9.0526577e+00   1.5636996e+01   1.6163010e+01   5.6582745e+00   1.6163010e+01   5.6582745e+00
   2.4526911e+03  -9.2200426e+00   1.5808517e+01   1.6161700e+01   5.6819841e+00   1.6161700e+01   5.6819841e+00
   2.4629812e+03  -9.3887479e+00   1.5982450e+01   1.6160373e+01   5.7058935e+00   1.6160373e+01   5.7058935e+00
   2.4733581e+03  -9.5587825e+00   1.6158837e+01   1.6159029e+01   5.7300053e+00   1.6159029e+01   5.7300053e+00
   2.4838228e+03  -9.7301553e+00   1.6337718e+01   1.6157669e+01   5.7543220e+00   1.6157669e+01   5.7543220e+00
   2.4943764e+03  -9.9028752e+00   1.6519136e+01   1.6156291e+01   5.7788463e+00   1.6156291e+01   5.7788463e+00
   2.5050201e+03  -1.0076951e+01   1.6703133e+01   1.6154895e+01   5.8035809e+00   1.6154895e+01   5.8035809e+00
   2.5157550e+03  -1.0252391e+01   1.6889753e+01   1.6153481e+01   5.8285284e+00   1.6153481e+01   5.8285284e+00
   2.5265823e+03  -1.0429205e+01   1.7079041e+01   1.6152050e+01   5.8536917e+00   1.6152050e+01   5.8536917e+00
   2.5375032e+03  -1.0607400e+01   1.7271040e+01   1.6150599e+01   5.8790735e+00   1.6150599e+01   5.8790735e+00
   2.5485189e+03  -1.0786985e+01   1.7465799e+01   1.6149130e+01   5.9046767e+00   1.6149130e+01   5.9046767e+00
   2.5596307e+03  -1.0967969e+01   1.7663363e+01   1.6147641e+01   5.9305043e+00   1.6147641e+01   5.9305043e+00
   2.5708398e+03  -1.1150359e+01   1.7863781e+01   1.6146133e+01   5.9565592e+00   1.6146133e+01   5.9565592e+00
   2.5821475e+03  -1.1334164e+01   1.8067101e+01   1.6144606e+01   5.9828444e+00   1.6144606e+01   5.9828444e+00
   2.5935551e+03  -1.1519392e+01   1.8273373e+01   1.6143058e+01   6.0093629e+00   1.6143058e+01   6.0093629e+00
   2.6050640e+03  -1.1706050e+01   1.8482647e+01   1.6141489e+01   6.0361180e+00   1.6141489e+01   6.0361180e+00
   2.6166754e+03  -1.1894146e+01   1.8694977e+01   1.6139899e+01   6.0631128e+00   1.6139899e+01   6.0631128e+00
   2.6283908e+03  -1.2083687e+01   1.8910413e+01   1.6138288e+01   6.0903506e+00   1.6138288e+01   6.0903506e+00
   2.6402116e+03  -1.2274680e+01   1.9129010e+01   1.6136656e+01   6.1178345e+00   1.6136656e+01   6.1178345e+00
   2.6521393e+03  -1.2467134e+01   1.9350822e+01   1.6135001e+01   6.1455681e+00   1.6135001e+01   6.1455681e+00
   2.6641751e+03  -1.2661053e+01   1.9575905e+01   1.6133324e+01   6.1735547e+00   1.6133324e+01   6.1735547e+00
   2.6763207e+03  -1.2856446e+01   1.9804316e+01   1.6131623e+01   6.2017978e+00   1.6131623e+01   6.2017978e+00
   2.6885776e+03  -1.3053319e+01   2.0036112e+01   1.6129900e+01   6.2303009e+00   1.6129900e+01   6.2303009e+00
   2.7009472e+03  -1.3251677e+01   2.0271353e+01   1.6128153e+01   6.2590677e+00   1.6128153e+01   6.2590677e+00
   2.7134312e+03  -1.3451526e+01   2.0510099e+01   1.6126381e+01   6.2881019e+00   1.6126381e+01   6.2881019e+00
   2.7260311e+03  -1.3652873e+01   2.0752411e+01   1.6124585e+01   6.3174072e+00   1.6124585e+01   6.3174072e+00
   2.7387486e+03  -1.3855722e+01   2.0998351e+01   1.6122764e+01   6.3469874e+00   1.6122764e+01   6.3469874e+00
   2.7515853e+03  -1.4060079e+01   2.1247983e+01   1.6120917e+01   6.3768464e+00   1.6120917e+01   6.3768464e+00
   2.7645429e+03  -1.4265948e+01   2.1501372e+01   1.6119044e+01   6.4069882e+00   1.6119044e+01   6.4069882e+00
   2.7776232e+03  -1.4473333e+01   2.1758583e+01   1.6117145e+01   6.4374168e+00   1.6117145e+01   6.4374168e+00
   2.7908277e+03  -1.4682239e+01   2.2019685e+01   1.6115218e+01   6.4681364e+00   1.6115218e+01   6.4681364e+00
   2.8041585e+03  -1.4892669e+01   2.2284746e+01   1.6113264e+01   6.4991511e+00   1.6113264e+01   6.4991511e+00
   2.8176172e+03  -1.5104627e+01   2.2553835e+01   1.6111282e+01   6.5304653e+00   1.6111282e+01   6.5304653e+00
   2.8312057e+03  -1.5318115e+01   2.2827025e+01   1.6109272e+01   6.5620832e+00   1.6109272e+01   6.5620832e+00
   2.8449259e+03  -1.5533135e+01   2.3104387e+01   1.6107232e+01   6.5940095e+00   1.6107232e+01   6.5940095e+00
   2.8587797e+03  -1.5749690e+01   2.3385997e+01   1.6105162e+01   6.6262484e+00   1.6105162e+01   6.6262484e+00
   2.8727691e+03  -1.5967782e+01   2.3671928e+01   1.6103062e+01   6.6588049e+00   1.6103062e+01   6.6588049e+00
   2.8868962e+03  -1.6187409e+01   2.3962258e+01   1.6100931e+01   6.6916834e+00   1.6100931e+01   6.6916834e+00
   2.9011628e+03  -1.6408575e+01   2.4257066e+01   1.6098768e+01   6.7248889e+00   1.6098768e+01   6.7248889e+00
   2.9155711e+03  -1.6631277e+01   2.4556432e+01   1.6096574e+01   6.7584263e+00   1.6096574e+01   6.7584263e+00
   2.9301233e+03  -1.6855516e+01   2.4860436e+01   1.6094346e+01   6.7923005e+00   1.6094346e+01   6.7923005e+00
   2.9448215e+03  -1.7081291e+01   2.5169161e+01   1.6092085e+01   6.8265167e+00   1.6092085e+01   6.8265167e+00
   2.9596679e+03  -1.7308598e+01   2.5482693e+01   1.6089790e+01   6.8610801e+00   1.6089790e+01   6.8610801e+00
   2.9746647e+03  -1.7537436e+01   2.5801117e+01   1.6087460e+01   6.8959960e+00   1.6087460e+01   6.8959960e+00
   2.9898143e+03  -1.7767801e+01   2.6124521e+01   1.6085095e+01   6.9312699e+00   1.6085095e+01   6.9312699e+00
   3.0051189e+03  -1.7999690e+01   2.6452994e+01   1.6082693e+01   6.9669073e+00   1.6082693e+01   6.9669073e+00
   3.0205811e+03  -1.8233097e+01   2.6786628e+01   1.6080255e+01   7.0029139e+00   1.6080255e+01   7.0029139e+00
   3.0362032e+03  -1.8468017e+01   2.7125515e+01   1.6077778e+01   7.0392953e+00   1.6077778e+01   7.0392953e+00
   3.0519878e+03  -1.8704444e+01   2.7469749e+01   1.6075263e+01   7.0760576e+00   1.6075263e+01   7.0760576e+00
   3.0679373e+03  -1.8942370e+01   2.7819428e+01   1.6072709e+01   7.1132068e+00   1.6072709e+01   7.1132068e+00
   3.0840544e+03  -1.9181787e+01   2.8174649e+01   1.6070114e+01   7.1507490e+00   1.6070114e+01   7.1507490e+00
   3.1003417e+03  -1.9422686e+01   2.8535512e+01   1.6067479e+01   7.1886905e+00   1.6067479e+01   7.1886905e+00
   3.1168020e+03  -1.9665057e+01   2.8902119e+01   1.6064801e+01   7.2270377e+00   1.6064801e+01   7.2270377e+00
   3.1334380e+03  -1.9908889e+01   2.9274573e+01   1.6062081e+01   7.2657971e+00   1.6062081e+01   7.2657971e+00
   3.1502525e+03  -2.0154170e+01   2.9652981e+01   1.6059317e+01   7.3049755e+00   1.6059317e+01   7.3049755e+00
   3.1672485e+03  -2.0400887e+01   3.0037450e+01   1.6056508e+01   7.3445798e+00   1.6056508e+01   7.3445798e+00
   3.1844288e+03  -2.0649025e+01   3.0428089e+01   1.6053654e+01   7.3846169e+00   1.6053654e+01   7.3846169e+00
   3.2017966e+03  -2.0898569e+01   3.0825010e+01   1.6050753e+01   7.4250939e+00   1.6050753e+01   7.4250939e+00
   3.2193548e+03  -2.1149502e+01   3.1228326e+01   1.6047805e+01   7.4660182e+00   1.6047805e+01   7.4660182e+00
   3.2371067e+03  -2.1401806e+01   3.1638154e+01   1.6044808e+01   7.5073972e+00   1.6044808e+01   7.5073972e+00
   3.2550554e+03  -2.1655462e+01   3.2054610e+01   1.6041761e+01   7.5492387e+00   1.6041761e+01   7.5492387e+00
   3.2732043e+03  -2.1910449e+01   3.2477815e+01   1.6038664e+01   7.5915503e+00   1.6038664e+01   7.5915503e+00
   3.2915567e+03  -2.2166744e+01   3.2907891e+01   1.6035514e+01   7.6343401e+00   1.6035514e+01   7.6343401e+00
   3.3101161e+03  -2.2424324e+01   3.3344962e+01   1.6032311e+01   7.6776163e+00   1.6032311e+01   7.6776163e+00
   3.3288859e+03  -2.2683164e+01   3.3789154e+01   1.6029054e+01   7.7213872e+00   1.6029054e+01   7.7213872e+00
   3.3478698e+03  -2.2943236e+01   3.4240596e+01   1.6025742e+01   7.7656614e+00   1.6025742e+01   7.7656614e+00
   3.3670715e+03  -2.3204513e+01   3.4699419e+01   1.6022372e+01   7.8104477e+00   1.6022372e+01   7.8104477e+00
   3.3864947e+03  -2.3466964e+01   3.5165755e+01   1.6018944e+01   7.8557549e+00   1.6018944e+01   7.8557549e+00
   3.4061433e+03  -2.3730557e+01   3.5639742e+01   1.6015457e+01   7.9015922e+00   1.6015457e+01   7.9015922e+00
   3.4260213e+03  -2.3995258e+01   3.6121515e+01   1.6011909e+01   7.9479692e+00   1.6011909e+01   7.9479692e+00
   3.4461326e+03  -2.4261031e+01   3.6611215e+01   1.6008299e+01   7.9948952e+00   1.6008299e+01   7.9948952e+00
   3.4664814e+03  -2.4527838e+01   3.7108985e+01   1.6004625e+01   8.0423803e+00   1.6004625e+01   8.0423803e+00
   3.4870720e+03  -2.4795639e+01   3.7614970e+01   1.6000885e+01   8.0904344e+00   1.6000885e+01   8.0904344e+00
   3.5079086e+03  -2.5064393e+01   3.8129317e+01   1.5997079e+01   8.1390679e+00   1.5997079e+01   8.1390679e+00
   3.5289958e+03  -2.5334055e+01   3.8652175e+01   1.5993204e+01   8.1882913e+00   1.5993204e+01   8.1882913e+00
   3.5503380e+03  -2.5604578e+01   3.9183697e+01   1.5989259e+01   8.2381156e+00   1.5989259e+01   8.2381156e+00
   3.5719399e+03  -2.5875913e+01   3.9724038e+01   1.5985243e+01   8.2885517e+00   1.5985243e+01   8.2885517e+00
   3.5938063e+03  -2.6148009e+01   4.0273354e+01   1.5981153e+01   8.3396111e+00   1.5981153e+01   8.3396111e+00
   3.6159420e+03  -2.6420813e+01   4.0831805e+01   1.5976987e+01   8.3913054e+00   1.5976987e+01   8.3913054e+00
   3.6383522e+03  -2.6694267e+01   4.1399553e+01   1.5972745e+01   8.4436466e+00   1.5972745e+01   8.4436466e+00
   3.6610418e+03  -2.6968312e+01   4.1976762e+01   1.5968423e+01   8.4966469e+00   1.5968423e+01   8.4966469e+00
   3.6840162e+03  -2.7242886e+01   4.2563600e+01   1.5964020e+01   8.5503189e+00   1.5964020e+01   8.5503189e+00
   3.7072808e+03  -2.7517925e+01   4.3160236e+01   1.5959535e+01   8.6046755e+00   1.5959535e+01   8.6046755e+00
   3.7308411e+03  -2.7793360e+01   4.3766842e+01   1.5954963e+01   8.6597299e+00   1.5954963e+01   8.6597299e+00
   3.7547028e+03  -2.8069121e+01   4.4383593e+01   1.5950305e+01   8.7154957e+00   1.5950305e+01   8.7154957e+00
   3.7788716e+03  -2.8345133e+01   4.5010665e+01   1.5945557e+01   8.7719867e+00   1.5945557e+01   8.7719867e+00
   3.8033537e+03  -2.8621320e+01   4.5648238e+01   1.5940717e+01   8.8292174e+00   1.5940717e+01   8.8292174e+00
   3.8281550e+03  -2.8897601e+01   4.6296494e+01   1.5935782e+01   8.8872023e+00   1.5935782e+01   8.8872023e+00
   3.8532819e+03  -2.9173892e+01   4.6955617e+01   1.5930751e+01   8.9459565e+00   1.5930751e+01   8.9459565e+00
   3.8787408e+03  -2.9450105e+01   4.7625794e+01   1.5925621e+01   9.0054955e+00   1.5925621e+01   9.0054955e+00
   3.9045383e+03  -2.9726149e+01   4.8307214e+01   1.5920388e+01   9.0658352e+00   1.5920388e+01   9.0658352e+00
   3.9306814e+03  -3.0001931e+01   4.9000068e+01   1.5915051e+01   9.1269918e+00   1.5915051e+01   9.1269918e+00
   3.9571768e+03  -3.0277350e+01   4.9704551e+01   1.5909606e+01   9.1889822e+00   1.5909606e+01   9.1889822e+00
   3.9840319e+03  -3.0552306e+01   5.0420858e+01   1.5904052e+01   9.2518235e+00   1.5904052e+01   9.2518235e+00
   4.0112540e+03  -3.0826691e+01   5.1149188e+01   1.5898383e+01   9.3155335e+00   1.5898383e+01   9.3155335e+00
   4.0388507e+03  -3.1100395e+01   5.1889742e+01   1.5892598e+01   9.3801304e+00   1.5892598e+01   9.3801304e+00
   4.0668297e+03  -3.1373305e+01   5.2642721e+01   1.5886694e+01   9.4456328e+00   1.5886694e+01   9.4456328e+00
   4.0951990e+03  -3.1645301e+01   5.3408331e+01   1.5880666e+01   9.5120601e+00   1.5880666e+01   9.5120601e+00
   4.1239669e+03  -3.1916260e+01   5.4186778e+01   1.5874513e+01   9.5794320e+00   1.5874513e+01   9.5794320e+00
   4.1531419e+03  -3.2186056e+01   5.4978271e+01   1.5868229e+01   9.6477690e+00   1.5868229e+01   9.6477690e+00
   4.1827326e+03  -3.2454556e+01   5.5783021e+01   1.5861811e+01   9.7170919e+00   1.5861811e+01   9.7170919e+00
   4.2127480e+03  -3.2721625e+01   5.6601239e+01   1.5855256e+01   9.7874223e+00   1.5855256e+01   9.7874223e+00
   4.2431973e+03  -3.2987122e+01   5.7433140e+01   1.5848560e+01   9.8587826e+00   1.5848560e+01   9.8587826e+00
   4.2740899e+03  -3.3250901e+01   5.8278939e+01   1.5841718e+01   9.9311954e+00   1.5841718e+01   9.9311954e+00
   4.3054357e+03  -3.3512812e+01   5.9138852e+01   1.5834726e+01   1.0004684e+01   1.5834726e+01   1.0004684e+01
   4.3372447e+03  -3.3772701e+01   6.0013099e+01   1.5827581e+01   1.0079274e+01   1.5827581e+01   1.0079274e+01
   4.3695271e+03  -3.4030409e+01   6.0901898e+01   1.5820276e+01   1.0154989e+01   1.5820276e+01   1.0154989e+01
   4.4022938e+03  -3.4285771e+01   6.1805471e+01   1.5812808e+01   1.0231855e+01   1.5812808e+01   1.0231855e+01
   4.4355556e+03  -3.4538618e+01   6.2724037e+01   1.5805172e+01   1.0309899e+01   1.5805172e+01   1.0309899e+01
   4.4693238e+03  -3.4788777e+01   6.3657821e+01   1.5797363e+01   1.0389148e+01   1.5797363e+01   1.0389148e+01
   4.5036101e+03  -3.5036071e+01   6.4607043e+01   1.5789375e+01   1.0469631e+01   1.5789375e+01   1.0469631e+01
   4.5384266e+03  -3.5280314e+01   6.5571929e+01   1.5781202e+01   1.0551376e+01   1.5781202e+01   1.0551376e+01
   4.5737855e+03  -3.5521321e+01   6.6552701e+01   1.5772840e+01   1.0634415e+01   1.5772840e+01   1.0634415e+01
   4.6096998e+03  -3.5758898e+01   6.7549583e+01   1.5764283e+01   1.0718776e+01   1.5764283e+01   1.0718776e+01
   4.6461825e+03  -3.5992850e+01   6.8562798e+01   1.5755523e+01   1.0804494e+01   1.5755523e+01   1.0804494e+01
   4.6832473e+03  -3.6222975e+01   6.9592570e+01   1.5746555e+01   1.0891600e+01   1.5746555e+01   1.0891600e+01
   4.7209082e+03  -3.6449068e+01   7.0639121e+01   1.5737372e+01   1.0980130e+01   1.5737372e+01   1.0980130e+01
   4.7591798e+03  -3.6670919e+01   7.1702674e+01   1.5727968e+01   1.1070118e+01   1.5727968e+01   1.1070118e+01
   4.7980769e+03  -3.6888316e+01   7.2783450e+01   1.5718334e+01   1.1161601e+01   1.5718334e+01   1.1161601e+01
   4.8376151e+03  -3.7101042e+01   7.3881668e+01   1.5708464e+01   1.1254617e+01   1.5708464e+01   1.1254617e+01
   4.8778104e+03  -3.7308877e+01   7.4997548e+01   1.5698350e+01   1.1349204e+01   1.5698350e+01   1.1349204e+01
   4.9186792e+03  -3.7511598e+01   7.6131305e+01   1.5687983e+01   1.1445404e+01   1.5687983e+01   1.1445404e+01
   4.9602386e+03  -3.7708979e+01   7.7283156e+01   1.5677356e+01   1.1543257e+01   1.5677356e+01   1.1543257e+01
   5.0025063e+03  -3.7900792e+01   7.8453313e+01   1.5666459e+01   1.1642808e+01   1.5666459e+01   1.1642808e+01
   5.0455005e+03  -3.8086806e+01   7.9641986e+01   1.5655284e+01   1.1744100e+01   1.5655284e+01   1.1744100e+01
   5.0892402e+03  -3.8266792e+01   8.0849385e+01   1.5643820e+01   1.1847181e+01   1.5643820e+01   1.1847181e+01
   5.1337449e+03  -3.8440516e+01   8.2075714e+01   1.5632058e+01   1.1952098e+01   1.5632058e+01   1.1952098e+01
   5.1790348e+03  -3.8607746e+01   8.3321175e+01   1.5619988e+01   1.2058901e+01   1.5619988e+01   1.2058901e+01
   5.2251309e+03  -3.8768250e+01   8.4585967e+01   1.5607598e+01   1.2167642e+01   1.5607598e+01   1.2167642e+01
   5.2720549e+03  -3.8921798e+01   8.5870286e+01   1.5594877e+01   1.2278374e+01   1.5594877e+01   1.2278374e+01
   5.3198294e+03  -3.9068161e+01   8.7174324e+01   1.5581814e+01   1.2391153e+01   1.5581814e+01   1.2391153e+01
   5.3684777e+03  -3.9207114e+01   8.8498269e+01   1.5568395e+01   1.2506036e+01   1.5568395e+01   1.2506036e+01
   5.4180239e+03  -3.9338434e+01   8.9842305e+01   1.5554609e+01   1.2623084e+01   1.5554609e+01   1.2623084e+01
   5.4684932e+03  -3.9461905e+01   9.1206612e+01   1.5540441e+01   1.2742357e+01   1.5540441e+01   1.2742357e+01
   5.5199115e+03  -3.9577317e+01   9.2591365e+01   1.5525878e+01   1.2863922e+01   1.5525878e+01   1.2863922e+01
   5.5723060e+03  -3.9684466e+01   9.3996738e+01   1.5510904e+01   1.2987844e+01   1.5510904e+01   1.2987844e+01
   5.6257046e+03  -3.9783159e+01   9.5422896e+01   1.5495504e+01   1.3114194e+01   1.5495504e+01   1.3114194e+01
   5.6801366e+03  -3.9873211e+01   9.6870004e+01   1.5479662e+01   1.3243044e+01   1.5479662e+01   1.3243044e+01
   5.7356322e+03  -3.9954452e+01   9.8338221e+01   1.5463361e+01   1.3374469e+01   1.5463361e+01   1.3374469e+01
   5.7922229e+03  -4.0026724e+01   9.9827702e+01   1.5446582e+01   1.3508549e+01   1.5446582e+01   1.3508549e+01
   5.8499414e+03  -4.0089885e+01   1.0133860e+02   1.5429308e+01   1.3645364e+01   1.5429308e+01   1.3645364e+01
   5.9088218e+03  -4.0143811e+01   1.0287106e+02   1.5411519e+01   1.3785000e+01   1.5411519e+01   1.3785000e+01
   5.9688995e+03  -4.0188399e+01   1.0442524e+02   1.5393194e+01   1.3927545e+01   1.5393194e+01   1.3927545e+01
   6.0302115e+03  -4.0223568e+01   1.0600127e+02   1.5374311e+01   1.4073093e+01   1.5374311e+01   1.4073093e+01
   6.0927961e+03  -4.0249263e+01   1.0759931e+02   1.5354847e+01   1.4221740e+01   1.5354847e+01   1.4221740e+01
   6.1566934e+03  -4.0265456e+01   1.0921948e+02   1.5334780e+01   1.4373586e+01   1.5334780e+01   1.4373586e+01
   6.2219451e+03  -4.0272150e+01   1.1086195e+02   1.5314083e+01   1.4528736e+01   1.5314083e+01   1.4528736e+01
   6.2885948e+03  -4.0269384e+01   1.1252684e+02   1.5292730e+01   1.4687302e+01   1.5292730e+01   1.4687302e+01
   6.3566879e+03  -4.0257234e+01   1.1421432e+02   1.5270693e+01   1.4849396e+01   1.5270693e+01   1.4849396e+01
   6.4262717e+03  -4.0235817e+01   1.1592453e+02   1.5247943e+01   1.5015140e+01   1.5247943e+01   1.5015140e+01
   6.4973958e+03  -4.0205297e+01   1.1765764e+02   1.5224449e+01   1.5184660e+01   1.5224449e+01   1.5184660e+01
   6.5701119e+03  -4.0165887e+01   1.1941382e+02   1.5200178e+01   1.5358086e+01   1.5200178e+01   1.5358086e+01
   6.6444740e+03  -4.0117853e+01   1.2119325e+02   1.5175096e+01   1.5535556e+01   1.5175096e+01   1.5535556e+01
   6.7205387e+03  -4.0061522e+01   1.2299614e+02   1.5149167e+01   1.5717215e+01   1.5149167e+01   1.5717215e+01
   6.7983651e+03  -3.9997284e+01   1.2482270e+02   1.5122352e+01   1.5903213e+01   1.5122352e+01   1.5903213e+01
   6.8780152e+03  -3.9925599e+01   1.2667317e+02   1.5094610e+01   1.6093711e+01   1.5094610e+01   1.6093711e+01
   6.9595537e+03  -3.9847004e+01   1.2854782e+02   1.5065900e+01   1.6288873e+01   1.5065900e+01   1.6288873e+01
   7.0430487e+03  -3.9762113e+01   1.3044695e+02   1.5036174e+01   1.6488876e+01   1.5036174e+01   1.6488876e+01
   7.1285714e+03  -3.9671633e+01   1.3237090e+02   1.5005386e+01   1.6693904e+01   1.5005386e+01   1.6693904e+01
   7.2161967e+03  -3.9576362e+01   1.3432005e+02   1.4973485e+01   1.6904149e+01   1.4973485e+01   1.6904149e+01
   7.3060029e+03  -3.9477201e+01   1.3629484e+02   1.4940415e+01   1.7119815e+01   1.4940415e+01   1.7119815e+01
   7.3980726e+03  -3.9375160e+01   1.3829575e+02   1.4906121e+01   1.7341117e+01   1.4906121e+01   1.7341117e+01
   7.4924925e+03  -3.9271366e+01   1.4032335e+02   1.4870541e+01   1.7568281e+01   1.4870541e+01   1.7568281e+01
   7.5893536e+03  -3.9167073e+01   1.4237827e+02   1.4833611e+01   1.7801545e+01   1.4833611e+01   1.7801545e+01
   7.6887519e+03  -3.9063666e+01   1.4446124e+02   1.4795263e+01   1.8041160e+01   1.4795263e+01   1.8041160e+01
   7.7907884e+03  -3.8962677e+01   1.4657308e+02   1.4755422e+01   1.8287392e+01   1.4755422e+01   1.8287392e+01
   7.8955696e+03  -3.8865789e+01   1.4871473e+02   1.4714012e+01   1.8540522e+01   1.4714012e+01   1.8540522e+01
   8.0032077e+03  -3.8774846e+01   1.5088725e+02   1.4670949e+01   1.8800847e+01   1.4670949e+01   1.8800847e+01
   8.1138211e+03  -3.8691869e+01   1.5309186e+02   1.4626145e+01   1.9068681e+01   1.4626145e+01   1.9068681e+01
   8.2275350e+03  -3.8619061e+01   1.5532993e+02   1.4579507e+01   1.9344357e+01   1.4579507e+01   1.9344357e+01
   8.3444816e+03  -3.8558819e+01   1.5760301e+02   1.4530933e+01   1.9628229e+01   1.4530933e+01   1.9628229e+01
   8.4648007e+03  -3.8513748e+01   1.5991285e+02   1.4480315e+01   1.9920671e+01   1.4480315e+01   1.9920671e+01
   8.5886403e+03  -3.8486672e+01   1.6226146e+02   1.4427540e+01   2.0222082e+01   1.4427540e+01   2.0222082e+01
   8.7161572e+03  -3.8480645e+01   1.6465106e+02   1.4372483e+01   2.0532886e+01   1.4372483e+01   2.0532886e+01
   8.8475177e+03  -3.8498964e+01   1.6708418e+02   1.4315013e+01   2.0853534e+01   1.4315013e+01   2.0853534e+01
   8.9828983e+03  -3.8545185e+01   1.6956366e+02   1.4254988e+01   2.1184506e+01   1.4254988e+01   2.1184506e+01
   9.1224863e+03  -3.8623130e+01   1.7209270e+02   1.4192257e+01   2.1526315e+01   1.4192257e+01   2.1526315e+01
   9.2664810e+03  -3.8736908e+01   1.7467487e+02   1.4126655e+01   2.1879508e+01   1.4126655e+01   2.1879508e+01
   9.4150943e+03  -3.8890923e+01   1.7731421e+02   1.4058008e+01   2.2244672e+01   1.4058008e+01   2.2244672e+01
   9.5685523e+03  -3.9089889e+01   1.8001520e+02   1.3986127e+01   2.2622432e+01   1.3986127e+01   2.2622432e+01
   9.7270955e+03  -3.9338844e+01   1.8278289e+02   1.3910807e+01   2.3013460e+01   1.3910807e+01   2.3013460e+01
   9.8909812e+03  -3.9643166e+01   1.8562290e+02   1.3831829e+01   2.3418476e+01   1.3831829e+01   2.3418476e+01
   1.0060484e+04  -4.0008583e+01   1.8854151e+02   1.3748956e+01   2.3838253e+01   1.3748956e+01   2.3838253e+01
   1.0235897e+04  -4.0441188e+01   1.9154573e+02   1.3661932e+01   2.4273625e+01   1.3661932e+01   2.4273625e+01
   1.0417537e+04  -4.0947452e+01   1.9464337e+02   1.3570478e+01   2.4725487e+01   1.3570478e+01   2.4725487e+01
   1.0605739e+04  -4.1534235e+01   1.9784313e+02   1.3474295e+01   2.5194807e+01   1.3474295e+01   2.5194807e+01
   1.0800866e+04  -4.2208798e+01   2.0115469e+02   1.3373055e+01   2.5682631e+01   1.3373055e+01   2.5682631e+01
   1.1003308e+04  -4.2978814e+01   2.0458881e+02   1.3266405e+01   2.6190088e+01   1.3266405e+01   2.6190088e+01
   1.1213483e+04  -4.3852378e+01   2.0815746e+02   1.3153960e+01   2.6718404e+01   1.3153960e+01   2.6718404e+01
   1.1431844e+04  -4.4838011e+01   2.1187392e+02   1.3035300e+01   2.7268910e+01   1.3035300e+01   2.7268910e+01
   1.1658879e+04  -4.5944670e+01   2.1575295e+02   1.2909968e+01   2.7843051e+01   1.2909968e+01   2.7843051e+01
   1.1895113e+04  -4.7181745e+01   2.1981094e+02   1.2777466e+01   2.8442404e+01   1.2777466e+01   2.8442404e+01
   1.2141119e+04  -4.8559067e+01   2.2406605e+02   1.2637249e+01   2.9068689e+01   1.2637249e+01   2.9068689e+01
   1.2397516e+04  -5.0086900e+01   2.2853845e+02   1.2488721e+01   2.9723787e+01   1.2488721e+01   2.9723787e+01
   1.2664975e+04  -5.1775933e+01   2.3325049e+02   1.2331229e+01   3.0409758e+01   1.2331229e+01   3.0409758e+01
   1.2944228e+04  -5.3637274e+01   2.3822698e+02   1.2164055e+01   3.1128865e+01   1.2164055e+01   3.1128865e+01
   1.3236074e+04  -5.5682425e+01   2.4349541e+02   1.1986414e+01   3.1883601e+01   1.1986414e+01   3.1883601e+01
   1.3541384e+04  -5.7923263e+01   2.4908628e+02   1.1797440e+01   3.2676712e+01   1.1797440e+01   3.2676712e+01
   1.3861111e+04  -6.0372007e+01   2.5503343e+02   1.1596178e+01   3.3511236e+01   1.1596178e+01   3.3511236e+01
   1.4196302e+04  -6.3041179e+01   2.6137439e+02   1.1381576e+01   3.4390543e+01   1.1381576e+01   3.4390543e+01
   1.4548105e+04  -6.5943549e+01   2.6815083e+02   1.1152474e+01   3.5318376e+01   1.1152474e+01   3.5318376e+01
   1.4917788e+04  -6.9092079e+01   2.7540901e+02   1.0907587e+01   3.6298909e+01   1.0907587e+01   3.6298909e+01
   1.5306748e+04  -7.2499841e+01   2.8320035e+02   1.0645491e+01   3.7336805e+01   1.0645491e+01   3.7336805e+01
   1.5716535e+04  -7.6179929e+01   2.9158198e+02   1.0364610e+01   3.8437297e+01   1.0364610e+01   3.8437297e+01
   1.6148867e+04  -8.0145350e+01   3.0061752e+02   1.0063193e+01   3.9606267e+01   1.0063193e+01   3.9606267e+01
   1.6605657e+04  -8.4408895e+01   3.1037781e+02   9.7392968e+00   4.0850356e+01   9.7392968e+00   4.0850356e+01
   1.7089041e+04  -8.8982988e+01   3.2094182e+02   9.3907583e+00   4.2177086e+01   9.3907583e+00   4.2177086e+01
   1.7601411e+04  -9.3879509e+01   3.3239777e+02   9.0151723e+00   4.3595007e+01   9.0151723e+00   4.3595007e+01
   1.8145455e+04  -9.9109596e+01   3.4484430e+02   8.6098614e+00   4.5113876e+01   8.6098614e+00   4.5113876e+01
   1.8724203e+04  -1.0468341e+02   3.5839188e+02   8.1718458e+00   4.6744875e+01   8.1718458e+00   4.6744875e+01
   1.9341085e+04  -1.1060985e+02   3.7316458e+02   7.6978109e+00   4.8500874e+01   7.6978109e+00   4.8500874e+01
   2.0000000e+04  -1.1689630e+02   3.8930194e+02   7.1840731e+00   5.0396749e+01   7.1840731e+00   5.0396749e+01
